1000 [-1.12650612 -0.10007167 -0.79992977] 1.3852501607499172
2000 [-1.17134335 -0.58640245 -1.06264245] 1.6867489614149462
3000 [-1.18147738  0.26866928 -1.20498573] 1.7088190637069165
4000 [-1.61997796  0.5628157  -1.36410602] 2.191318173093073
5000 [-0.79488149  0.28412614 -1.10701581] 1.392138011752293
6000 [-0.99130322  0.62455829 -0.61798526] 1.3246361460882428
7000 [-0.3778842   0.60371493 -0.47972199] 0.858720777033974
8000 [ 0.06144516  0.59841346 -0.47594634] 0.7670717657983697
9000 [ 0.96833895  1.1639182  -0.32811925] 1.5492088781626867
10000 [ 0.33854926  1.07542492 -1.10235597] 1.5768142071618683
11000 [-0.17418124  0.48303808 -0.27828762] 0.5840452824649489
12000 [-0.10945581  0.32783771  0.38929767] 0.5205869874571033
13000 [-0.9079087   0.69426759  1.1826671 ] 1.6446905985415774
14000 [-1.17733637  1.00784629  0.8699743 ] 1.7772817301246056
15000 [-1.46616175  0.39457521  1.50172412] 2.135531597476566
16000 [-1.6612004  -1.0312008   0.59043635] 2.0424438687269513
17000 [-2.23721298 -1.20919835  0.82142193] 2.672455153407162
18000 [-2.18614237 -1.52486676  2.11184076] 3.4006335456287426
19000 [-2.6453447  -0.76254122  2.47061689] 3.6990898245036314
20000 [-2.76269936 -1.15470739  3.06421289] 4.284303624932053
21000 [-1.08609352  0.39286124  2.38818744] 2.65280574729163
22000 [-1.17877186  0.55029373  2.26221645] 2.6095880052612808
23000 [-0.79639283  2.21240171  3.67619904] 4.363874679233074
24000 [-0.9305103   2.43119443  3.77423061] 4.584907034500414
25000 [0.322544   1.91371141 3.31238904] 3.8390424818040483
26000 [0.73362213 1.8121144  3.06764449] 3.6376369701215867
27000 [0.8057752  0.56106277 3.03891846] 3.1936014993732385
28000 [ 0.68357482 -0.22880718  3.82074593] 3.888152092919121
29000 [ 0.73949706 -1.89317474  4.30465059] 4.760355363163353
30000 [ 0.99310708 -1.63078011  4.620367  ] 4.9993496237930755
31000 [-1.29893475 -1.197771    5.27222827] 5.560420651524204
32000 [-1.088749   -0.12086763  3.39155509] 3.5640748210808337
33000 [-0.94757097  0.44165482  4.58002134] 4.697823458088801
34000 [-1.27227742  0.13665108  3.30382313] 3.542966357250854
35000 [-1.24808408  2.04251112  3.39254335] 4.151977351412698
36000 [-2.73503359  3.47783096  5.04597312] 6.711003029093021
37000 [-1.8163515   4.51375558  2.62852462] 5.530123316093216
38000 [-1.18775791  1.2451916   2.32877838] 2.8955966107334
39000 [-0.69191423  0.02171364  1.01275341] 1.2267380537632717
40000 [ 0.35058568 -0.59805691  1.50941947] 1.6610025710440213
41000 [-1.01765088 -3.12411468  0.47839166] 3.3203259545510315
42000 [-0.15817341 -3.23609774 -1.92124124] 3.7667645670535617
43000 [ 0.35649074 -2.58176555 -2.30291356] 3.4779318379999786
44000 [ 2.73988947 -4.75452034 -2.16600133] 5.899493179260254
45000 [ 2.37101373 -7.77738464 -1.18995292] 8.21738437067727
46000 [  1.99106275 -10.66657123   1.53919216] 10.959433617446726
47000 [  1.44520457 -10.24109284   1.38349857] 10.434685764742872
48000 [ 3.73522429 -8.5337941   1.51543755] 9.437907243213322
49000 [ 3.77811716 -9.5582265   1.20788956] 10.34856803541733
50000 [ 1.21382425 -9.21130698  1.37952808] 9.392797414121574
51000 [ 1.22085682 -8.7618159   2.09901713] 9.092072493473324
52000 [ 1.00936209 -8.15421314  3.40839552] 8.89534506676436
53000 [ 3.520051   -5.28189589  2.59899567] 6.8588600924541785
54000 [ 6.65403207 -1.92569112  8.40499969] 10.891668787902793
55000 [ 6.25404459 -1.4062454   6.07655197] 8.832614766841925
56000 [ 6.5483134  -0.95061569  5.47292131] 8.587021959872674
57000 [ 8.21278857 -2.44287812  3.70086614] 9.333485940513546
58000 [10.45366913 -4.07740751  1.81847663] 11.367115181861717
59000 [12.73419444 -4.34892156  1.3716322 ] 13.526056395343684
60000 [10.33056808 -1.74406687  0.75806397] 10.504145233373235
61000 [11.4317662  -0.45102092  1.10879071] 11.494264448632292
62000 [10.28532379  0.80674293  1.42139818] 10.414369516243507
63000 [ 9.20599232 -0.51055815  1.21089279] 9.29931317329702
64000 [10.60947617  0.04733501 -0.04551538] 10.609679396141404
65000 [11.31953861 -2.09006531  1.58794114] 11.619891758705059
66000 [ 6.72959645 -4.66686951  2.52570116] 8.570082017030957
67000 [ 6.61194036 -3.97810462  0.78180256] 7.755919479897545
68000 [ 4.07135384 -3.01040138  0.21184705] 5.067871127728141
69000 [ 1.90689535 -2.68158763  0.59843852] 3.3444417704761333
70000 [ 3.07769051 -2.85133379 -1.47638112] 4.447694289890532
71000 [ 1.943265   -4.56343004 -2.7356936 ] 5.664379224830256
72000 [-1.76920977 -4.17042894 -3.43065933] 5.6826054038018325
73000 [-0.2631913  -2.71858969 -3.43461309] 4.388230469811537
74000 [-1.94120057 -2.68413079 -4.2288715 ] 5.371794103592311
75000 [ 0.04454989 -2.93420368 -5.12854555] 5.908765981863442
76000 [ 0.14787081 -2.86081747 -6.96324252] 7.5294680266991225
77000 [ 0.14700389 -1.95860003 -6.73239874] 7.013053335917547
78000 [-0.04928224 -1.02911695 -5.75157581] 5.8431271366917645
79000 [ 1.79782234e-03  1.15106753e+00 -7.22000363e+00] 7.31118404047883
80000 [ 0.58144143  1.53575703 -5.4111468 ] 5.654832756205302
81000 [ 0.9257186  -0.64487863 -3.48738197] 3.665331689000939
82000 [-0.45740665 -0.28997822 -4.46792287] 4.500626954399469
83000 [ 3.17096578 -3.22559931 -4.90983727] 6.675778377428826
84000 [ 3.72519715 -4.58560904 -5.9148256 ] 8.360027864715905
85000 [ 3.29612423 -4.99479531 -7.94477586] 9.946450550449821
86000 [ 3.35267686 -5.18242988 -8.36123097] 10.392699597811568
87000 [ 0.7856915  -4.88212377 -7.04843591] 8.610046016074904
88000 [ 0.74562693 -3.33398931 -5.95490633] 6.865300693397132
89000 [ 0.18231588 -0.95160895 -6.01641687] 6.0939371998425305
90000 [ 3.52679565 -4.21077715 -7.35841531] 9.18233127506744
91000 [ 1.76128523 -2.91103273 -6.77635858] 7.582563737548273
92000 [ 2.17828484 -0.88501339 -7.31628379] 7.684802019915679
93000 [ 2.76010108  1.28397505 -3.01374562] 4.283621431904025
94000 [ 0.98304119  0.16559655 -5.35660799] 5.448581587505002
95000 [ 0.39740972  0.61334216 -7.00370514] 7.041733366587974
96000 [-0.42210214  2.78697786 -7.92364151] 8.410083869142666
97000 [-1.57968573  1.77809674 -7.01128745] 7.403727896128095
98000 [-3.95855309  1.33294064 -8.56819091] 9.53209152354743
99000 [-4.50156877  4.01307446 -8.63225868] 10.530184136947456
100000 [-3.81901558  6.04747371 -8.41497496] 11.043940499965817
101000 [-6.73105188  6.75931168 -7.0402591 ] 11.85582565784134
102000 [-6.83910547  6.88304947 -5.19669929] 11.007062149272649
103000 [-6.94261538  6.28981113 -2.19890698] 9.622724368432
104000 [-6.28834216  8.39416819 -1.54418007] 10.60140551138168
105000 [-5.36126764  8.21995499 -1.49360579] 9.926817666633868
106000 [-5.92047787  7.22820391  0.02233628] 9.343419550563311
107000 [-5.87196139  8.01844451 -0.64192751] 9.959289827380301
108000 [-7.194139    8.00523235  0.32748664] 10.76785161793616
109000 [-5.32739227  8.41823286 -0.56866257] 9.978533455380386
110000 [-3.49831945 12.08211133  1.52530295] 12.670524937481176
111000 [-5.21900604 11.05958723  1.22995069] 12.290861341327611
112000 [-5.55209767  8.71690964  2.45144121] 10.621669649962977
113000 [-10.02744915   7.3675817    7.57055113] 14.56517218774501
114000 [-9.66156635  5.36199283  9.2174407 ] 14.389511610743577
115000 [-8.7475562   4.49533317  8.00181677] 12.678991737617686
116000 [-7.30234067  3.24145009 10.22044055] 12.972608951568471
117000 [-6.63217332  1.21859182  7.07362255] 9.772759332076621
118000 [-7.7996565   0.18185921  8.9230346 ] 11.85277439312102
119000 [-7.33434726 -0.91557327  9.93874871] 12.38586492524658
120000 [-5.86024918 -3.42854336 10.97748584] 12.907463941494672
121000 [-4.25718715 -4.93859627 11.25446358] 13.00677999941388
122000 [-2.99652171 -3.86462588  9.7455373 ] 10.9036678628732
123000 [-1.2804032  -3.43869493  8.41649598] 9.18158263932087
124000 [-1.98790686 -8.01061168  6.36272852] 10.421419641942718
125000 [-0.66967135 -8.116172    6.00852372] 10.120428096268588
126000 [ 2.02094079 -7.51646982  0.96788667] 7.8433618325821675
127000 [ 2.34067434 -7.70333023  2.27254066] 8.36567355493592
128000 [ 2.3910647  -5.89038345  4.89412991] 8.022862025372707
129000 [ 0.54223809 -6.62736192  4.92830917] 8.276725164764047
130000 [  2.40330482 -10.04154618   2.73195519] 10.680454247711976
131000 [ 1.74502052 -8.218745    3.88221135] 9.255508140628786
132000 [  3.18356857 -10.27314274   3.95973114] 11.460891820285658
133000 [ 2.18156388 -9.2809218   3.26472316] 10.077358174273812
134000 [  5.60521981 -11.53773948   1.997128  ] 12.981773438758474
135000 [  5.30367705 -12.39799961   0.22383797] 13.48664109755563
136000 [  4.43142317 -14.34066758  -2.27690852] 15.181454817726816
137000 [  6.26139643 -13.91727727  -3.65580128] 15.692691765553102
138000 [  9.0879507  -13.75394987  -5.53156077] 17.38850625188567
139000 [  7.93294517 -14.49868587  -6.43827215] 17.736822127179188
140000 [  8.37974733 -11.45831626  -8.20698237] 16.3971868451223
141000 [ 8.68705439 -8.99252048 -6.98255289] 14.32083738569401
142000 [ 6.50263178 -6.73277776 -6.60211567] 11.454363700874154
143000 [ 5.41756072 -4.856774   -6.89582539] 10.024501264656726
144000 [ 4.53978242 -5.19322025 -7.32784449] 10.063620909797892
145000 [ 3.46166711 -4.88433    -7.10866501] 9.293704160062436
146000 [-0.60009091  1.48032207 -8.55436692] 8.70222132034783
147000 [-0.08603905 -0.1534887  -9.66144799] 9.663050182834137
148000 [ 1.86387017  0.39317222 -6.59085039] 6.86060531281718
149000 [ 2.89324934 -1.47222017 -8.31293772] 8.924307117275108
150000 [ 1.63521883 -1.1995798  -9.12290771] 9.34560738270181
151000 [ 1.94883565 -1.47566107 -4.67736271] 5.277618579448157
152000 [ 1.02076986 -1.91991236 -0.32881856] 2.1991262436496077
153000 [-1.0335497  -2.40445727  0.84188454] 2.749256133830876
154000 [-1.57873557 -3.68530047  0.32301174] 4.02221110194532
155000 [-2.77898383 -2.35450777  0.56494934] 3.685868380004877
156000 [-3.39106648 -2.53793497  0.49356893] 4.264276734058701
157000 [-7.32431094 -1.94367332  1.45298828] 7.715864930422289
158000 [-13.00807472  -1.97790205   1.49446019] 13.24218697336409
159000 [-12.36608087   1.68053934   2.96833029] 12.82790525380467
160000 [-16.71748183   3.74473948  -1.55278776] 17.20198890923096
161000 [-17.1990385    7.23943048  -1.84069375] 18.751118163298393
162000 [-16.22307356   6.26829828  -1.10816882] 17.42721196945806
163000 [-15.41861188   7.39723725   1.01792686] 17.13151733952097
164000 [-16.58141727   8.41824075   2.7476357 ] 18.797863659518754
165000 [-17.44318533  11.06160342   1.81174424] 20.734179556690847
166000 [-17.03571254  11.00375136   3.25769045] 20.540462335624422
167000 [-15.69870163  13.99463344   3.81050281] 21.37332284661871
168000 [-13.22125525  16.81934495   3.41125027] 21.66399278819313
169000 [-12.75239771  18.27774353   5.02162043] 22.84548593180408
170000 [-10.29939296  20.55832378   4.66457038] 23.46231848302117
171000 [-10.11349706  17.06704366   2.9989437 ] 20.063909527579717
172000 [-10.21767944  15.89610809   0.18229301] 18.89763097331083
173000 [-10.12065306  15.92732483  -0.09192622] 18.87102925069798
174000 [-9.50537844 18.99771743 -1.24283708] 21.279335770052235
175000 [-6.07006135 17.63806103 -1.39657009] 18.70554061526744
176000 [-4.74859949 18.22412774 -3.89783257] 19.23177390778477
177000 [-4.86871376 16.92073474 -3.16814407] 17.89001885794629
178000 [-3.08854707 16.87156106 -0.48507503] 17.158787639367137
179000 [ 1.03087852 16.05278771  0.37848289] 16.090306182287613
180000 [-2.46966086 16.31025165  0.81858662] 16.51646505133322
181000 [-3.14192747 14.76677709  1.82151298] 15.206818316599614
182000 [-0.87630012 13.1053729   5.6583694 ] 14.301602879632247
183000 [-0.86128614 12.80187139  9.52631622] 15.980626574673515
184000 [-4.48072549 13.25322826  9.42205829] 16.867132027335177
185000 [-2.83372477 10.00015629  8.45966683] 13.401458306241448
186000 [-2.90076605  8.83225253  5.59408689] 10.849743615089196
187000 [-5.22665643  7.10067926  4.60552279] 9.947282216058987
188000 [-4.61864475  5.06200323  4.4999309 ] 8.197873759678401
189000 [-3.28538164  1.77601395  6.45138334] 7.454415138399459
190000 [-3.44678068 -0.66281937  6.67979964] 7.545816705560962
191000 [-3.91813666 -2.90206586  3.65011107] 6.090738214892397
192000 [-1.19860166 -5.00648583  2.38179468] 5.672256358174325
193000 [-3.36717998 -6.23251553  0.45107978] 7.098283156059523
194000 [ -5.03993809 -10.45963412   0.9728222 ] 11.651236195980022
195000 [ -3.61326124 -11.71665636   7.69714171] 14.476936257633474
196000 [-3.57921304 -9.72435062  7.73009872] 12.927806745115992
197000 [ -3.20958239 -10.94950747   7.11622187] 13.447443867197004
198000 [ -2.53289075 -11.67390106   4.58788548] 12.796257061945608
199000 [-2.9006583  -8.5026664   3.58238934] 9.671745855634354
200000 [ 0.018566   -8.42060489  1.04531611] 8.485258814875044
201000 [ 0.32986969 -7.83677659 -1.24521683] 7.941942222716309
202000 [-1.39218399 -4.99637643 -0.33548978] 5.197548180602216
203000 [-4.00698989 -4.40573061 -2.45394931] 6.441141001077471
204000 [-3.82637097 -5.08350148 -4.91157944] 8.037830218766649
205000 [-3.52809977 -5.32646867 -4.33490538] 7.7207616914127035
206000 [-0.65383917 -3.79361024 -4.07771363] 5.607738652152928
207000 [-0.3564104  -2.66759293 -5.60851778] 6.2208160336006575
208000 [-6.50113636 -6.94329115 -4.99075894] 10.741589299384634
209000 [-5.11401574 -5.0790061  -1.82403104] 7.4348200505503295
210000 [-5.09376135 -5.30062974  0.39400027] 7.36195059708179
211000 [-4.69212211 -6.32665494 -1.16283271] 7.962082170863341
212000 [-3.88024335 -3.46772314 -2.10408486] 5.613249089130889
213000 [-1.36535708 -1.58772041 -0.48398026] 2.149254045994148
214000 [-0.44993612  0.7176266   0.95529473] 1.2767217666295796
215000 [0.00445007 0.02892877 1.24407147] 1.2444157256208657
216000 [-0.43507519 -3.04665783 -0.72893932] 3.162715112203494
217000 [-0.57477767 -1.80249344 -3.18390477] 3.703593058336489
218000 [-0.99609442 -0.80040783  0.121876  ] 1.2836317822757097
219000 [-3.35735204  0.24355506  0.5299942 ] 3.4076422429479223
220000 [-2.00672129  2.46187679  0.8043772 ] 3.2763989895322854
221000 [-2.8043135   3.5715844   1.52730524] 4.790934210752504
222000 [-0.97132212  4.38504742  2.5521734 ] 5.1658200330490205
223000 [-2.89984698  4.70906829  2.66132742] 6.137352877481275
224000 [-4.87244405  3.78498806  2.39613835] 6.618785739041122
225000 [-3.2489205   5.0300287   1.57551604] 6.191843338736794
226000 [-0.85074455  5.99091786  4.33674614] 7.444610809934328
227000 [-0.23930821  7.93917579  5.65856731] 9.752290225662376
228000 [ 2.22463356 10.18462163  5.39127312] 11.736325582167638
229000 [ 0.79762325 11.15755082  6.70905154] 13.043715568019621
230000 [ 2.26802341 11.35897554  6.16723462] 13.122691740944445
231000 [2.99569867 9.09022269 6.69049994] 11.677720177293663
232000 [ 5.38489331 10.65456429  5.57545841] 13.17583214402272
233000 [ 6.03067946 14.98708325  4.73003831] 16.83315245836645
234000 [ 3.4241211  14.45164403  6.62968562] 16.264296849581736
235000 [ 3.98104329 13.87054008  6.56641294] 15.854285438191111
236000 [ 4.78183616 12.40203199  7.55987309] 15.291436678511431
237000 [ 6.79585726 12.06215921  9.69036687] 16.89918846313667
238000 [ 6.2178718  10.74920034 10.47361589] 16.24511826670176
239000 [ 5.47677019 12.14181388 10.71210854] 17.09292032823795
240000 [ 5.04973424  7.54854574 14.19206302] 16.84918429498112
241000 [ 4.26261252  8.06799207 16.58372813] 18.928349118633545
242000 [ 3.34837897  7.86083669 15.59476255] 17.78204189883299
243000 [ 2.73657482  5.50638236 17.46316152] 18.51407839128171
244000 [ 1.94501723  6.72388414 19.72996797] 20.934787937009265
245000 [-0.51912969  5.46472556 17.90977816] 18.732134819466925
246000 [-1.52624734  2.2426687  16.44057898] 16.662881832468376
247000 [-1.66572664 -0.7713827  16.47261033] 16.57457594173799
248000 [-3.69441207 -3.86341756 15.65336086] 16.5409305048041
249000 [-4.61245649 -6.43170028 10.71196362] 13.31869693263105
250000 [-5.38528981 -6.40243281  8.20165312] 11.715784481497709
251000 [ -2.69405075 -10.54681608   4.51011688] 11.782800738706362
252000 [ -2.75079377 -10.51487582   3.247849  ] 11.343632707259019
253000 [ -2.55224896 -10.97043089   0.3584342 ] 11.269108378884093
254000 [ -1.29691482 -11.53065844  -2.12589207] 11.796503261990283
255000 [  0.22917328 -11.11776961  -2.97425326] 11.511016632241395
256000 [ -0.09775036 -11.94163302  -4.30137502] 12.693068244066719
257000 [ -1.11740315 -11.94527066  -1.24668984] 12.062019589729601
258000 [ -1.75573472 -11.69390665  -2.61757914] 12.111225276833098
259000 [ -2.80658068 -12.14483073  -4.61833342] 13.292961002508305
260000 [-1.23026792 -8.64014323 -4.10582937] 9.644867493454978
261000 [ 0.30193287 -5.97460765 -3.39763679] 6.879755500156583
262000 [ 5.82153605 -8.97046187 -0.74420477] 10.71976253567081
263000 [ 6.29177459 -8.31673719 -0.65982858] 10.449398010510105
264000 [ 4.62427005 -8.1039356   0.47383976] 9.342492704195077
265000 [ 5.39804056 -5.89439127  0.58005476] 8.013685404538883
266000 [ 4.78058239 -4.31986736  0.76512051] 6.488499931859518
267000 [ 4.05793094 -5.0631398  -0.45994314] 6.50490091148434
268000 [ 1.27511956 -2.26303497 -3.49925969] 4.357989855630352
269000 [-2.43064775 -1.76799997 -4.61079212] 5.503932807128279
270000 [-2.04941369  1.69944633 -5.954143  ] 6.522272082126944
271000 [-3.69019697  4.70663439 -6.01826256] 8.4846594038681
272000 [-5.11405645 12.0801614  -8.27490504] 15.50992992260977
273000 [-4.97130476 15.00959745 -9.72665357] 18.563665483676857
274000 [-4.64187157 16.23153426 -5.53925085] 17.767751011787908
275000 [-5.92714463 15.0292879  -2.41599651] 16.33546992174344
276000 [-7.14591749 16.73220337  0.11989717] 18.194645962809954
277000 [-5.05907695 18.57594982  4.48875492] 19.76889203230256
278000 [-4.23126391 16.65382132  8.94757906] 19.372984534851522
279000 [-4.03532506  9.97365999 12.98428519] 16.862663009733108
280000 [-5.00667829  7.29136097 12.63106899] 15.419944096333063
281000 [ -4.41203929   3.97703596 252.1173125 ] 252.18727598272108
282000 [ -3.7439601    2.97542516 252.99003872] 253.0352348667683
283000 [ -3.95668441  -0.56991803 254.35283376] 254.3842451913419
284000 [ -4.54929586  -2.89779417 250.44051139] 250.49858891313215
285000 [ -5.81046489  -2.67897859 247.87146983] 247.95403602770762
286000 [ -6.12106852  -0.87603877 242.50484459] 242.5836651012277
287000 [ -5.04739259   1.30787467 237.71930239] 237.77647789145718
288000 [ -4.18553811   1.78204911 236.07773077] 236.12155639168293
289000 [ -1.31363976   1.90928824 234.37669832] 234.38815615343964
290000 [  2.64064885   3.83364797 232.82340097] 232.86993348871343
291000 [  4.01099215   5.99190547 229.24294622] 229.35631532516467
292000 [  3.98059596   2.53595772 230.31660793] 230.36496286314443
293000 [  4.62090511   2.85955099 228.94619924] 229.01068084583278
294000 [  2.82236031   4.7864536  228.97756507] 229.04497628030583
295000 [  3.19477908   1.67062744 226.92439302] 226.95302984907377
296000 [  4.31240149   0.36728349 225.14055957] 225.18215574750772
297000 [   8.9279975    -1.77315536 -177.44464361] 177.67795239263572
298000 [  12.34153405   -3.0299317  -924.64788959] 924.7352127311796
299000 [   12.47758686    -5.60481964 -1628.11700053] 1628.1744598171815
300000 [   13.96205033    -4.93126113 -2311.88168041] 2311.929099344623
301000 [   13.81019762    -4.73789919 -2988.83174023] 2988.867400984161
302000 [   13.37113601    -3.99847739 -3630.20002258] 3630.2268495289914
303000 [    9.71768207    -4.4547397  -4267.34820485] 4267.361594648634
304000 [ 6.64231100e+00 -3.88565917e+00 -4.90292939e+03] 4902.9354280039415
305000 [ 2.48576691e-01  6.43552907e-01 -5.59529683e+03] 5595.296868755214
306000 [-8.65475911e-01 -7.82444657e-01 -6.29754859e+03] 6297.5486956775785
307000 [-2.48586436e+00 -2.16445422e+00 -7.00342058e+03] 7003.421353806569
308000 [-1.77183507e+00 -1.73114445e+00 -7.69840166e+03] 7698.402057816217
309000 [-2.68539093e-01 -6.23397850e-01 -8.28526289e+03] 8285.262916436124
310000 [ 2.36597807e+00  4.54471602e+00 -8.84347094e+03] 8843.472421575012
311000 [ 1.74444109e+00  4.31614157e+00 -9.39796750e+03] 9397.96865428252
312000 [2.88225868e+00 5.62408154e+00 9.59178870e+03] 9591.790779317522
313000 [1.98215930e+00 6.89743719e+00 9.04587086e+03] 9045.873707884602
314000 [-1.45392437e-01  7.54143112e+00  8.50678498e+03] 8506.78832012826
315000 [5.55987626e-01 5.37352451e+00 7.97822410e+03] 7978.225929272639
316000 [-1.19661088e+00  5.43944678e+00  7.44542110e+03] 7445.423186388625
317000 [-1.70098667e+00  1.12971887e+01  6.91694683e+03] 6916.956268692951
318000 [3.63042518e+00 1.33358531e+01 6.41427664e+03] 6414.291526806425
319000 [3.52194217e+00 9.93107518e+00 6.10799732e+03] 6108.006411816218
320000 [4.62787023e+00 7.44460743e+00 6.11133995e+03] 6111.346239894749
321000 [1.31605151e+00 2.83901498e+00 6.11444447e+03] 6114.4452676371375
322000 [-1.71689751e+00  1.96381751e+00  6.11755443e+03] 6117.554984407903
323000 [-5.90840636e+00  3.21855040e+00  6.12282033e+03] 6122.82402675212
324000 [-1.25394071e+01  7.00266161e-01  6.12401807e+03] 6124.030951791095
325000 [-1.31516499e+01 -5.51943970e-02  6.12422351e+03] 6124.237627643007
326000 [-1.39101452e+01 -5.74159120e-01  6.12573600e+03] 6125.75182398329
327000 [-1.69497453e+01 -4.61282150e+00  6.12796766e+03] 6127.992841206747
328000 [-1.76362220e+01 -3.97061014e+00  6.13121104e+03] 6131.237695580703
329000 [-1.56343309e+01 -2.03434764e+00  6.13335104e+03] 6133.37130028445
330000 [-1.29589930e+01 -1.58690479e+00  6.13438711e+03] 6134.4009996276
331000 [-1.09209432e+01 -1.39381497e+00  6.13563719e+03] 6135.647066399911
332000 [-9.35687276e+00  1.19360487e+00  6.13715355e+03] 6137.160795815875
333000 [-8.88595379e+00  1.47079523e+00  6.13628261e+03] 6136.289221189287
334000 [-8.11461326e+00  1.36991782e+00  6.13724930e+03] 6137.2548171110175
335000 [-8.42510605e+00 -1.83842049e+00  6.13339127e+03] 6133.397336738889
336000 [-8.89564850e+00 -1.40463692e+00  6.12963839e+03] 6129.645001571804
337000 [-1.02114958e+01 -4.41648108e+00  6.12969058e+03] 6129.700681148386
338000 [-7.85097077e+00 -5.62954538e+00  6.12966151e+03] 6129.669127343123
339000 [  -6.94968558   -8.4453038  6130.78165562] 6130.7914114019195
340000 [  -7.56670003   -8.19944742 6131.4081278 ] 6131.4182792805295
341000 [  -8.70728082   -6.80489282 6132.81897929] 6132.828935824048
342000 [-2.32145638e+00 -7.06732452e+00  6.13556483e+03] 6135.569341320338
343000 [-3.10276227e+00 -5.28601261e+00  6.13378603e+03] 6133.789093237918
344000 [-2.62730918e+00 -5.05392249e+00  6.13223417e+03] 6132.236811416257
345000 [-3.10685417e+00 -5.21186961e+00  6.13187494e+03] 6131.877940901206
346000 [-2.09080834e+00 -2.22298545e+00  6.12890286e+03] 6128.903622999906
347000 [-2.21681037e-01  4.79171290e-01  6.12661297e+03] 6126.612990898943
348000 [1.36396852e+00 1.03796860e+00 6.12436210e+03] 6124.362342930781
349000 [ 3.84301711e+00 -3.24328525e+00  6.11537249e+03] 6115.3745624309
350000 [ 5.00375778e+00 -7.37467497e+00  6.12000475e+03] 6120.011239366957
351000 [ 4.90215723e+00 -3.95190213e+00  6.12195048e+03] 6121.953713455459
352000 [ 7.29397321e+00 -3.77470717e+00  6.12268991e+03] 6122.695419934284
353000 [ 1.09284458e+01 -3.80843552e+00  6.12576991e+03] 6125.780844139112
354000 [ 8.42319426e+00 -6.72456393e-01  6.12861657e+03] 6128.622392082695
355000 [1.00507287e+01 1.73535783e+00 6.12858451e+03] 6128.592992922446
356000 [8.50775390e+00 2.54338975e+00 6.12573317e+03] 6125.739608951334
357000 [8.95539177e+00 3.65687289e+00 6.12564261e+03] 6125.650244970797
358000 [1.25071357e+01 3.74239583e+00 6.12664788e+03] 6126.661788584627
359000 [1.61319495e+01 5.16807847e-01 6.12968721e+03] 6129.708459209991
360000 [1.59317132e+01 1.10054851e+00 6.12935172e+03] 6129.372519359701
361000 [2.01855947e+01 4.61239931e+00 6.13071723e+03] 6130.752192291704
362000 [  18.27926079    8.96400668 6136.8882858 ] 6136.9220556522605
363000 [2.08351994e+01 3.39365531e+00 6.13323464e+03] 6133.270971561088
364000 [2.09008553e+01 9.97090556e-01 6.13222189e+03] 6132.257591160341
365000 [ 1.85016224e+01 -1.69258376e+00  6.13415020e+03] 6134.178333655937
366000 [ 1.90573099e+01 -4.44430751e+00  6.13615167e+03] 6136.182874936705
367000 [ 1.79720034e+01 -3.94738629e+00  6.13471567e+03] 6134.743267497155
368000 [-1113.22205596  -614.97912741  6137.91208327] 6268.287438769545
369000 [-3514.31645884 -1972.97927005  6136.91909533] 7341.991783944182
370000 [-5590.68489009 -3297.05066234  6136.57390922] 8932.18002246222
371000 [-7549.30701853 -4481.25865869  6133.56511232] 10709.544183260934
372000 [-9387.97300154 -5597.94347751  6133.90836727] 12533.787939534383
373000 [ 8487.98664845 -6130.85835717  6530.58842471] 12340.256347131042
374000 [ 6899.03695486 -6257.33047843  7233.73321393] 11793.124769591215
375000 [ 5543.66364686 -6319.13991843  7939.11530291] 11562.58136106271
376000 [ 4339.04099915 -6479.85032787  8646.70628926] 11643.93690796296
377000 [ 3215.07675261 12859.26080808  9357.70690988] 16225.41172564591
378000 [ 2092.95239142 12689.79130245 10016.66127524] 16301.679548910575
379000 [ 1051.88067625 12537.81530733 10625.8518173 ] 16468.515187496305
380000 [   50.18300702 12388.89402478 11221.6941148 ] 16715.670261691277
381000 [ -898.5812498  12212.50575112 11800.3942691 ] 17005.941605500775
382000 [-1808.0523065  12131.39665509 12360.87297739] 17413.529760200177
383000 [-2718.71083716 12055.90130755 12861.40469712] 17836.812375994923
384000 [-2952.97527278 11972.51451483 12748.18656735] 17736.330723275038
385000 [-2947.80857278 11927.91714495 12352.48379574] 17422.64729375365
386000 [-2948.986479   11892.44038191 11709.7764902 ] 16948.319236465002
387000 [-2951.61807739 11944.43575331 11066.49399953] 16548.38010747006
388000 [-2962.73184829 11910.98144141 10475.87478018] 16136.703855262102
389000 [-3040.00696772 -7721.26209906  9904.94273699] 12921.587417544839
390000 [-3195.99238763 -7789.56586293  9369.36424366] 12596.693613998897
391000 [16119.56868702 -7822.95450725  8850.68217438] 19984.336036760047
392000 [15889.33839967 -7945.05164817  8347.36639998] 19628.38369012554
393000 [15658.41600291 -8294.2073641   7839.76779011] 19376.321284538975
394000 [15441.35055421 -8376.12880036  7323.66532299] 19032.36491825388
395000 [-4309.75606082 -8379.48279267  6828.94889743] 11637.193485553598
396000 [-4467.01380619 -8381.12531025  6344.46541641] 11421.45854218024
397000 [-4572.97578169 -8380.91587501  5851.18864769] 11197.690252670824
398000 [-4722.32234684 -8378.38553014  5359.3517574 ] 11010.010158881758
399000 [-4945.45075464 -8377.25141223  4857.34561858] 10873.344970549037
400000 [-5186.09653116 -8375.55212821  4351.78948613] 10769.565562936772
401000 [-5474.08256419 -8372.54400284  3892.44606693] 10733.88137548637
402000 [-5780.11453196 -8368.15153107 22982.54723228] 25132.313091588567
403000 [-6111.02251235 -8365.19130025 22538.15829587] 24805.031767888653
404000 [-6393.41242912 -8365.64482379 22110.76419142] 24489.704549776605
405000 [-6647.98589903 -8367.32862636 21717.15448412] 24204.18773151406
406000 [-6833.54592622 -8363.76116076 21259.56221058] 23845.72993358472
407000 [-6972.56096944 -8362.95992658 20754.62858009] 23437.370003983324
408000 [-7095.01883737 -8361.57845553 20303.85567923] 23076.00143035217
409000 [-7235.88721109 -8362.99011056 19776.9313511 ] 22658.876428172425
410000 [-7387.6225796  -8361.01943735 19326.43387088] 22315.79394904071
411000 [-7438.1309439  -8364.87444955 18867.1541869 ] 21937.78529403961
412000 [-7399.65373244 -8371.06731988 18447.85329927] 21567.40445174794
413000 [-7387.70514456 -8374.15904362 18207.09808583] 21358.91260569095
414000 [-7434.38591541 -8375.75243085 18209.10112954] 21377.434052476103
415000 [-7514.44020261 -8377.70998283 18213.6557354 ] 21410.046505376984
416000 [11937.86148836 -8376.80065266 18216.36942478] 23334.940349397573
417000 [11923.62535123 -8377.22620849 18219.2638229 ] 23330.073611397707
418000 [11734.76038865 -8372.62733498 18221.93465333] 23234.551693102872
419000 [11417.8485567  -8376.98678138 18220.49064035] 23076.556336988167
420000 [11415.33191037 -8377.84054912 18217.88250873] 23073.56188351328
421000 [11414.78398948 -8378.7132467  18214.72889102] 23071.11782662522
422000 [11418.8241645  -8385.07423325 18220.13947005] 23079.69881746241
423000 [11424.58583012 -8386.50736931 18223.03419114] 23085.355582634038
424000 [11428.13786575 -8390.73566268 18221.91604654] 23087.767420148233
425000 [11426.0925919  -8388.00095168 18218.50570444] 23083.069596280755
426000 [11423.76574637 -8386.65723756 18216.48234948] 23079.832595520173
427000 [11417.37614379 -8388.48427292 18219.12705155] 23079.422369859985
428000 [11409.88268642 -8390.66067379 18213.64003032] 23072.175723468717
429000 [11404.52945847 -8389.84149346 18214.56454333] 23069.960857301703
430000 [11398.62894836 -8391.08122391 18210.19041157] 23064.04172807384
431000 [11396.24583217 -8392.89313053 18205.76161368] 23060.026671751548
432000 [11401.18035322 -8391.84387628 18214.91079432] 23069.30714901826
433000 [11403.51837764 -8395.14193734 18218.5225246 ] 23074.514133920533
434000 [11406.35900805 -8398.03478441 18217.98315881] 23076.544898126136
435000 [11407.62687727 -8396.87629784 18220.41767871] 23078.6720354288
436000 [11404.85206586 -8394.45957055 18220.5763518 ] 23076.54663760496
437000 [11411.3620665  -8396.17839293 18218.27684714] 23078.574633147702
438000 [11416.51432194 -8397.85670009 18218.74176046] 23082.100159050602
439000 [11420.3526585  -8398.065821   18216.13884007] 23082.020678854682
440000 [11422.49746173 -8397.71025628 18216.46470654] 23083.20974683384
441000 [11420.66708555 -8395.37843123 18216.29477492] 23081.321691127898
442000 [11412.94075613 -8389.82362443 18219.54972403] 23078.049079122236
443000 [11410.41230238 -8385.43722548 18219.06692201] 23074.823203685984
444000 [11407.93775044 -8386.10439979 18219.23165676] 23073.972195629198
445000 [11405.84720235 -8389.05972061 18216.94288004] 23072.205817697955
446000 [11405.74321129 -8389.49644009 18216.61771763] 23072.056470767
447000 [11408.16530074 -8390.09275127 18216.36678833] 23073.27265193965
448000 [11408.36356593 -8388.96215611 18215.58660637] 23072.343633093315
449000 [11411.44592779 -8388.20856291 18211.4990696 ] 23070.36712798077
450000 [11410.59515922 -8386.58711592 18203.38550747] 23062.952310451932
451000 [11410.79840077 -8388.06097344 18198.1597039 ] 23059.46451342609
452000 [11410.09967516 -8387.85209809 18197.758743  ] 23058.726345677307
453000 [11411.93299713 -8389.34354823 18201.57288824] 23063.186152552218
454000 [11414.82224982 -8384.95865717 18202.31143665] 23063.60423512257
455000 [11416.39452212 -8381.4747641  18203.60248158] 23064.135067530868
456000 [11416.51722144 -8377.5103821  18202.75786275] 23062.08879263716
457000 [11415.21136349 -8374.42086064 18205.65419502] 23062.60652859537
458000 [11416.32646523 -8375.13642211 18206.24185994] 23063.882212509754
459000 [11416.25044538 -8375.30213338 18208.29681938] 23065.526942160537
460000 [11415.37932817 -8377.13858225 18212.21638452] 23068.856964934344
461000 [11417.52351934 -8375.28937992 18213.89599037] 23070.572655656822
462000 [11417.37793715 -8375.45110379 18214.56816007] 23071.08999179856
463000 [11415.99515348 -8376.02897165 18222.25472911] 23076.684642531673
464000 [11415.90388527 -8377.20092076 18217.70448255] 23073.472070712713
465000 [11416.67773514 -8377.50604435 18215.3262138 ] 23072.088052589093
466000 [11417.49070796 -8378.19115618 18214.12370471] 23071.789775531633
467000 [11415.84405296 -8381.17049373 18213.61722161] 23071.65721360011
468000 [11414.44637001 -8377.13122554 18214.09067118] 23069.872398473384
469000 [11415.14768541 -8377.80083657 18213.0938484 ] 23069.6755735232
470000 [11414.62535448 -8374.91471697 18216.52590759] 23071.078965700442
471000 [11415.94384789 -8379.00556079 18215.87672255] 23072.704065560112
472000 [11419.10821963 -8380.50222442 18216.92408618] 23075.640256055605
473000 [11418.61240405 -8381.5009289  18218.30175794] 23076.84523496394
474000 [11416.30273487 -8382.33968418 18218.83937809] 23076.43159156025
475000 [11418.54650171 -8385.89603907 18222.30350722] 23081.568441052692
476000 [11419.59268032 -8384.10103608 18222.17265035] 23081.33062166721
477000 [10769.6102263  -8377.67963832 18224.08931069] 22765.92743010729
478000 [ 9648.50049055 -8378.80122421 18223.26229961] 22257.249616955298
479000 [ 8583.57275709 -8382.91942716 18223.73072241] 21818.694297351136
480000 [ 7524.37905578 -8382.84332093 18221.47992108] 21422.200466637285
481000 [ 6467.12888413 -8381.34112511 18220.26689436] 21072.464515597378
482000 [ 5404.36379642 -8383.74846487 18221.92696307] 20773.372586413083
483000 [ 4363.85335806 -8387.76681377 18222.2166287 ] 20529.175022785286
484000 [ 3366.44185948 -8390.48786631 18218.70412084] 20338.49545248559
485000 [ 2425.91386386 -8392.13032939 18218.47509964] 20204.59711294498
486000 [21129.24944623 -8387.94524517 18221.54614325] 29134.645208889557
487000 [20361.2005284  -8386.00013037 18221.65295539] 28582.02444843393
488000 [19603.79215312 -8386.1611908  18223.25766976] 28048.591522552506
489000 [18866.60375175 -8385.11623902 18223.49828135] 27538.242519774973
490000 [18159.74736901 -8382.21421761 18221.8417381 ] 27056.855989276002
491000 [17524.14577791 -8380.7899501  18222.16841066] 26634.20257900831
492000 [16889.76941131 -8381.90236682 18221.77674928] 26221.24607936843
493000 [16272.37201636 -8383.55692392 18220.48311147] 25827.507091295505
494000 [15695.92650957 -8385.42368037 18218.65075575] 25467.5612231144
495000 [15119.13275954 -8386.33371509 18216.60514587] 25115.004909849104
496000 [14538.50256714 -8387.18428789 18214.54919297] 24768.583315903034
497000 [13957.20211069 -8386.29339479 18214.61023988] 24431.648201723223
498000 [13393.9970736  -8386.92319427 18213.00710894] 24113.34207911886
499000 [12851.87053308 -8386.86154366 18208.82790329] 23813.261774967006
500000 [12291.03536137 -8384.53435239 18206.12024519] 23512.396324990295
501000 [11750.37419624 -8385.42010142 18200.67384189] 23230.391566384944
502000 [11261.38597292 -8383.34302771 18200.77710842] 22986.24679459201
503000 [10774.11738263 -8383.32074951 18199.08968425] 22750.132691904608
504000 [10317.58216601 -8381.98382842 18199.33004676] 22537.20854061135
505000 [ 9862.10054471 -8379.69848328 18200.91148548] 22332.790974861273
506000 [ 9666.70221332 -8381.61034084 18201.17278221] 22248.128331040458
507000 [ 9663.66052354 -8381.38326618 18199.78502606] 22245.58597033451
508000 [ 9662.44097975 -8379.3601305  18200.94072268] 22245.239604786955
509000 [ 9659.54176289 -8380.84256095 18202.85611936] 22246.10617619661
510000 [ 9660.3001707  -8382.40931934 18202.10960512] 22246.4149799855
511000 [ 9658.2590247  -8386.67049825 18202.56247927] 22247.505258926838
512000 [ 9658.7173757  -8385.42427249 18203.0113731 ] 22247.601772384074
513000 [ 9656.87726305 -8385.40632616 18204.16786223] 22247.742476143216
514000 [ 9656.32824288 -8386.19234914 18202.76665236] 22246.653929328906
515000 [ 9656.28478939 -8385.1999109  18202.72628957] 22246.22794661276
516000 [ 9656.38594945 -8381.89869507 18272.17897957] 22301.895435157818
517000 [ 9651.42828052 -8384.3677277  18080.37585644] 22143.795545426536
518000 [ 9653.23829262 -8383.52119863 17616.09914829] 21766.841443450172
519000 [ 9656.04899707 -8384.45809284 17118.98133451] 21368.15250965457
520000 [ 9659.34646618 -8384.68520152 16653.01331021] 20998.304036092093
521000 [ 9660.24611906 -8387.40721373 16278.89173663] 20704.378064137323
522000 [ 9659.75292949 -8387.34288401 16258.53098944] 20688.116812493536
523000 [ 9662.23932662 -8384.1542663  16263.32420772] 20691.75260463106
524000 [ 9663.80431294 -8384.30030802 16262.31840233] 20691.752107363507
525000 [ 9665.37019259 -8385.186321   16267.75762369] 20697.117400758078
526000 [ 9663.46183765 -8384.46738369 16269.89656944] 20697.61634527186
527000 [ 9659.7390206  -8386.50899915 16271.26008901] 20697.777562414198
528000 [ 9656.20424196 -8385.36456012 16273.32757142] 20697.289905089376
529000 [ 9653.15236631 -8385.06620581 16276.2793394 ] 20698.06645600259
530000 [ 9648.72982383 -8382.93810199 16169.70223315] 20611.426654740633
531000 [ 9644.38622964 -8383.76241294 15655.50775278] 20208.824333454017
532000 [ 9642.57162296 -8383.192784   15061.29542348] 19750.94247348525
533000 [ 9642.55206407 -8383.35322874 14481.40671041] 19312.44577930028
534000 [ 9642.09160839 -8385.96993375 13925.17619114] 18899.86651457199
535000 [ 9641.86960247 -8385.64568988 13391.45258561] 18509.881291349608
536000 [ 9642.07514291 -8387.22676701 13065.97757199] 18276.62320601282
537000 [ 9642.07684489 -8387.47871689 13069.74009672] 18279.42973139313
538000 [ 9648.46709437 -8383.26031473 13067.92292664] 18279.567292258307
539000 [ 9651.33726823 -8381.08320956 13073.38043975] 18283.98597005645
540000 [ 9652.83002443 -8382.90647569 13073.67635894] 18285.821337833448
541000 [ 9651.60641535 -8381.44276509 13075.98508287] 18286.15528504044
542000 [ 9652.18868515 -8383.1979297  13080.75974824] 18290.68149450402
543000 [ 9654.02557308 -8381.3539334  13079.80536461] 18290.123342903353
544000 [ 9654.46726327 -8380.71536972 13086.64216993] 18294.953717609304
545000 [ 9651.50397765 -8381.88369011 13089.44366034] 18295.929562669906
546000 [ 9651.29662013 -8379.36080724 13086.92220622] 18292.860542281378
547000 [ 9652.07468832 -8380.17228358 13085.72740362] 18292.788059049344
548000 [ 9651.77914203 -8384.37264241 13083.96304657] 18293.294788450057
549000 [ 9653.17509362 -8390.2796086  13079.92765153] 18293.853849530926
550000 [ 9652.6085395  -8389.45584725 13079.06164459] 18292.55790021097
551000 [ 9655.34758396 -8388.76954167 13075.09967259] 18290.856263131154
552000 [ 9656.99212692 -8386.65381954 13071.72067265] 18288.338923259464
553000 [ 9656.40395509 -8380.52715136 13069.55205433] 18283.66931388224
554000 [ 9656.05652419 -8381.17477956 13067.18526618] 18282.09093797856
555000 [ 9655.03256982 -8382.04430711 13067.29232717] 18282.025310513225
556000 [ 9658.58588819 -8381.66136264 13072.98722032] 18287.797117755304
557000 [ 9659.45949169 -8381.91514724 13075.22503771] 18289.974548750066
558000 [ 9656.722022   -8379.84357105 13077.94209275] 18289.522352066997
559000 [ 9653.95168061 -8378.23061359 13076.66174223] 18286.405157564706
560000 [ 9656.22390724 -8376.85399001 13078.30515683] 18288.14940587734
561000 [ 9656.7735547  -8377.08649099 13078.35810718] 18288.583989577095
562000 [ 9658.06562003 -8379.14213459 13078.31874612] 18290.1797601185
563000 [ 9657.87576917 -8379.36394803 13079.23422786] 18290.835752736442
564000 [ 9661.43756416 -8377.64566515 13077.73629896] 18290.858629438135
565000 [ 9662.51584595 -8380.00870408 13076.61748987] 18291.710781936865
566000 [ 9663.72272084 -8379.83258857 13074.43858268] 18290.710081626894
567000 [ 9664.76593726 -8379.14649749 13071.56826331] 18288.895360596103
568000 [ 9664.73758208 -8377.73806904 13071.19841601] 18287.97079269749
569000 [ 9668.00866357 -8379.3850369  13072.29218893] 18291.235829981928
570000 [ 9666.83655582 -8378.50489581 13074.23515514] 18291.60184833472
571000 [ 9665.07695135 -8376.65491724 13074.1763643 ] 18289.782603487372
572000 [ 9665.97982357 -8376.49962029 13076.14775754] 18291.597852987772
573000 [ 9665.99450332 -8374.65336705 13074.94343279] 18289.899248685062
574000 [ 9661.34133937 -8371.63302332 13075.19506874] 18286.23750361504
575000 [ 9658.1392225  -8371.12217102 13073.9339192 ] 18283.41017882009
576000 [ 9655.88349561 -8376.3503948  13070.4745692 ] 18282.139849629224
577000 [ 9654.59174334 -8378.40243068 13069.23853211] 18281.514292587042
578000 [ 9653.15255227 -8377.77635129 13069.1820346 ] 18280.426960089215
579000 [ 9652.43467393 -8377.29942936 13069.65938084] 18280.170600812635
580000 [ 9653.74740269 -8378.0675823  13070.0512555 ] 18281.495976806385
581000 [ 9657.39392252 -8380.07466663 13068.96737794] 18283.56685985556
582000 [ 9660.73082062 -8380.81755389 13069.14671435] 18285.798279027105
583000 [ 9663.89737939 -8382.15093494 13069.85235642] 18288.586809099852
584000 [ 9662.85578722 -8383.41587175 13069.24179848] 18288.179921207364
585000 [ 9664.06079291 -8381.56715072 13071.54619015] 18289.61614447784
586000 [ 9664.21498164 -8384.95799668 13068.21996749] 18288.874895301975
587000 [ 9662.00793654 -8385.24570292 13069.21527426] 18288.55190409906
588000 [ 9662.47660144 -8379.52873379 13068.78227358] 18285.86957155935
589000 [ 9660.8930944  -8379.31656374 13073.05735582] 18287.99141746732
590000 [ 9659.54425909 -8379.98382174 13072.862298  ] 18287.445223665774
591000 [ 9656.14212488 -8380.0594949  13073.48704289] 18286.129752753637
592000 [ 9656.17819447 -8382.58824915 13075.9459994 ] 18289.065773228387
593000 [ 9658.09635361 -8383.12890469 13077.99182828] 18291.78902318511
594000 [ 9660.60615712 -8385.40715013 13080.12566518] 18295.683966810033
595000 [ 9663.11928999 -8384.96875265 13080.63150773] 18297.171804315145
596000 [ 9662.51690905 -8385.87993869 13080.93778362] 18297.490228516537
597000 [ 9663.10614364 -8385.36542771 13080.49437315] 18297.248611352392
598000 [ 9668.51597843 -8386.39107195 13079.80267149] 18300.081812987297
599000 [ 9668.52645081 -8384.99149701 13082.05972406] 18301.059334330133
600000 [ 9668.01306558 -8382.9413135  13085.74592225] 18302.484204162454
601000 [ 9668.61035595 -8382.28540234 13085.1857799 ] 18302.09883254122
602000 [ 9664.85507438 -8379.44559871 13086.0474487 ] 18299.430864923037
603000 [ 9664.59972076 -8379.69932229 13083.46089934] 18297.562613614988
604000 [ 9668.17081223 -8378.03996775 13081.12642923] 18297.02022770953
605000 [ 9669.35721965 -8378.01438535 13078.6064778 ] 18295.833992566633
606000 [ 9662.07762812 -8376.65079445 13231.18144273] 18400.76588064731
607000 [ 9660.79875511 -8375.57866353 13393.13130377] 18516.40668854807
608000 [ 9658.72570484 -8373.89410444 13390.36850304] 18512.564742924078
609000 [ 9665.82560829 -8377.53769075 13390.87669538] 18518.28558804979
610000 [ 9669.42066966 -8381.98152433 13389.6862738 ] 18521.312288055324
611000 [ 9672.40633984 -8379.28991615 13386.77210161] 18519.546733178242
612000 [ 9673.35765176 -8376.64489826 13386.75070138] 18518.83156010038
613000 [ 9676.89380591 -8374.03230369 13388.33977728] 18520.646121183894
614000 [ 9675.61518123 -8373.08397829 13389.43420452] 18520.340514144526
615000 [ 9673.65143502 -8370.74541845 13390.72627073] 18519.191694144556
616000 [ 9672.23712475 -8368.15027752 13388.56011425] 18515.71365077636
617000 [ 9672.07773606 -8367.97037195 13388.88117957] 18515.78124516622
618000 [ 9671.08488498 -8367.34453071 13388.11561593] 18514.426188607187
619000 [ 9667.16431424 -8368.59930116 13384.39559973] 18510.255690077996
620000 [ 9664.50665669 -8368.84198036 13380.46874616] 18506.138140527568
621000 [ 9664.43738998 -8371.77184327 13378.31464287] 18505.869786211813
622000 [ 9662.91302018 -8370.96132484 13379.2973191 ] 18505.417538938018
623000 [ 9662.63081935 -8374.84862402 13378.37628552] 18506.36311821952
624000 [ 9659.21583534 -8373.47957226 12933.26067368] 18184.742020552858
625000 [ 9657.5547784  -8373.35418991 12240.69771909] 17697.91245705759
626000 [ 9659.78863729 -8373.59702287 11558.54981567] 17234.52109749202
627000 [ 9660.52123973 -8375.06005719 10875.3103958 ] 16785.10285312089
628000 [ 9662.98126162 -8373.48578009 10218.33751935] 16367.739386706091
629000 [ 9662.43255907 -8375.43679278  9620.08345785] 16001.767095055673
630000 [ 9662.54556326 -8380.01500802  9024.74844441] 15653.610535008742
631000 [ 9663.01172036 -8380.91783918  8451.65715943] 15331.147643781702
632000 [ 9664.46923995 -8379.54576926  7875.01810981] 15021.140543211735
633000 [ 9666.99999841 -8378.66214978  7359.35253529] 14758.48698641161
634000 [ 9668.17432086 -8379.88032006  6834.04974529] 14505.179240466978
635000 [ 9668.03512495 -8377.30338914  6580.94435686] 14386.067700346384
636000 [ 9665.38813292 -8377.1563484   6583.55051387] 14385.395844894376
637000 [ 9663.41801064 -8376.22251804  6585.32505182] 14384.340699462819
638000 [10196.10888248 -8374.29168961  7211.4321188 ] 15036.427463001046
639000 [10779.99687861 -8372.65691546  7967.62580894] 15804.833993371913
640000 [11345.95090687 -8372.50506347  8663.29322776] 16549.38344981199
641000 [11836.47855231 -8368.81398563  9356.4781481 ] 17253.49110705599
642000 [12209.70646293 -8370.44466044 10070.12568651] 17903.87407983675
643000 [12429.66713134 -8373.9580154  10707.30462982] 18419.179413736198
644000 [12427.67040712 -8370.77682954 11291.45162139] 18762.03017255964
645000 [12427.65700988 -8371.62683176  9841.95454326] 17927.489054438927
646000 [12431.50432886 -8371.7246293   8446.24550063] 17203.69542291287
647000 [12430.49541138 -8372.19408723  7183.75314496] 16619.782166269684
648000 [12431.22230536 -8371.7451994   6018.48470324] 16150.652117240665
649000 [12429.54566375 -8374.13116199  4925.63179751] 15775.979422212784
650000 [12430.30384439 -8372.29081471 23367.38539434] 27760.446814080668
651000 [12431.0579347  -8374.28778392 22469.86787648] 27010.273224280463
652000 [12431.07054208 -8375.76576874 21583.8438354 ] 26278.266338285805
653000 [12429.15094858 -8376.70998096 20689.11548877] 25547.84850266969
654000 [12423.99040175 -8373.4812087  19819.64704569] 24845.304064772994
655000 [12424.98663727 -8375.73256186  -585.22220211] 14995.85522436441
656000 [12425.4976685  -8377.23023896 -1449.43053179] 15055.624452436006
657000 [12425.50316555 -8380.54391393 -2217.21952887] 15150.666904451708
658000 [12428.23151672 -8380.84842457 -2918.8984043 ] 15271.526670362771
659000 [12424.88752243 -8381.04994911 -3574.49669263] 15407.688171827267
660000 [12426.02513037 -8382.65893303 -4218.92805941] 15571.590326575222
661000 [12427.77173509 -8381.50294699 -4933.01494436] 15780.802843688114
662000 [12430.00527142 -8379.65131893 -5629.27157759] 16012.878747079994
663000 [12437.20519127 -8373.53235406 -6060.14114141] 16171.747824771426
664000 [12439.46887125 -8375.56204439 -6423.57616656] 16314.188797665222
665000 [12441.25262097 -8375.07044692 -6747.74567416] 16445.626879292897
666000 [12446.77079017 -8375.31495779 -6952.25989754] 16534.869864266286
667000 [12452.18113325 -8375.37231833 12443.20921799] 19494.541084332075
668000 [12455.32288869 -8376.24721087 12350.36179617] 19437.798797587715
669000 [12455.9413985  -8379.09655129 12259.86421927] 19382.05370474152
670000 [12459.03776043 -7884.34825667 12143.79798307] 19101.371647137206
671000 [12457.69437575 -7201.22348943 11970.31464061] 18717.37699303966
672000 [12458.23217613 -6558.66983556 11847.59073327] 18400.79088379407
673000 [12459.08533556 -5922.89760214 11536.84291914] 17983.555486752055
674000 [12455.79589215 -5303.29342396 11161.61097296] 17545.74968358679
675000 [12455.17749746 -4692.86122668 10793.32578577] 17136.226962314675
676000 [12455.53098611 -4058.52920914 10439.4781801 ] 16750.958663916783
677000 [12446.30645023 -3416.81831343 10157.55586513] 16424.40661921266
678000 [12472.19861702 -2778.45892909 10122.96034074] 16301.837271397622
679000 [12191.40700833 -2146.28693945 10432.79745949] 16188.891725500078
680000 [11490.55118097 -1549.5331872  10839.98870353] 15872.591931797942
681000 [10660.91522565  -967.16554534 11137.98791005] 15448.14866982597
682000 [ 9873.94286707  -415.26498533 11135.2579888 ] 14888.289466134118
683000 [ 9168.4221121    129.58803113 11131.39216867] 14421.672881334722
684000 [ 8490.90064059   691.80952756 11129.21664982] 14015.472070157095
685000 [ 7831.4431191   1256.70770094 11127.61816705] 13665.090619712899
686000 [  7156.06041199 -17721.70862015  11126.34834189] 22114.78655702089
687000 [  6492.45913688 -17225.71379638  11125.93828163] 21509.619803368372
688000 [  5819.02713766 -16672.03581522  11125.8095913 ] 20871.06835106366
689000 [  5157.08071795 -16140.41637018  11127.29586196] 20271.290914345987
690000 [  4613.78125727 -15645.16711469  11123.36334856] 19743.03532187046
691000 [ 23679.21978541 -15164.06406549  11124.76680645] 30239.291081738134
692000 [ 23243.10995383 -14603.70024568  11122.44122433] 29617.881760519438
693000 [ 22846.9577413  -14074.48210034  11123.92681591] 29048.515835260012
694000 [ 22709.87886086 -13531.47463026  11478.46285582] 28820.036659879846
695000 [ 22706.70351665 -13027.15667868  11647.70788156] 28652.57919661105
696000 [ 22825.28468134 -12560.82764275  11336.53116122] 28412.760348551583
697000 [ 23879.87412627 -12101.99028472   8726.01592075] 28157.59064598746
698000 [ 24944.29531104 -11665.71252554   6128.35533873] 28211.052026659258
699000 [ 26008.50888454 -11183.08653022   3520.26363764] 28528.8663430229
700000 [ 27069.37346739 -10705.73147286  20459.45289673] 35580.23157765369
701000 [28132.2382383  -9816.11427517 17847.55109822] 34732.031440204104
702000 [29184.25960534 -8869.30395558 15240.47884241] 34097.767620687686
703000 [30195.24686146 -7977.54530814 12629.26706861] 33688.16630299199
704000 [31151.50340061 -7019.23227803 10019.25065586] 33467.464343684944
705000 [31999.06692078 -6069.00870804  7431.60536538] 33406.614746265666
706000 [13235.19376718 -5138.40070471  5024.06580982] 15060.370284906488
707000 [13964.2635234  -4154.11254806  2646.50737885] 14807.474738092169
708000 [14523.02591814 -3269.94816148 19808.5803256 ] 24778.835673081954
709000 [15043.51936387 -2346.60119614 17440.21068717] 23151.133035728646
710000 [15568.41089297 -1431.33285232 15122.4488808 ] 21751.15150098411
711000 [16061.98596184  -591.46607841 12834.29193067] 20568.3318361491
712000 [16553.37665014  -237.14134846 10542.4925112 ] 19626.886224998227
713000 [16982.9732869   -241.71287658  8254.71396302] 18884.387980274343
714000 [17416.93532661  -240.77275278  5988.80076468] 18419.374101443893
715000 [17802.38221338  -244.06879351  3739.80127847] 18192.59452770903
716000 [18153.91272715  -245.34521089 21043.54782251] 27793.086308215803
717000 [18207.44783808  -251.37298328 18797.55757691] 26171.02435921133
718000 [18207.88382549  -251.95201249 16551.57040325] 24607.82387844613
719000 [18208.36838787  -248.50913232 14304.50132329] 23156.53674980254
720000 [18209.28035202  -247.32751782 12219.28725561] 21930.573245461284
721000 [18216.33457306  -246.72144027 10173.73916932] 20866.25710164657
722000 [18222.09159318  -246.94471069  8192.57843996] 19980.589210916896
723000 [18229.39322985  -248.67158809  6326.17436651] 19297.489401548035
724000 [18232.79265183  -247.36142778  4602.2678035 ] 18806.296405609744
725000 [18236.95750057  -247.69715653  2930.85830699] 18472.625779099548
726000 [18231.57670857  -247.97891556 20825.92228665] 27679.792663831715
727000 [18232.31025217  -247.57792165 19202.68237983] 26480.586144181056
728000 [18233.81454731  -245.79479509 17614.12859343] 25353.30223329513
729000 [18234.78080588  -244.64524062 16084.06082954] 24315.92266603225
730000 [18232.32173489  -245.64712608 14558.49559716] 23332.974358358802
731000 [18230.70387109  -246.41584581 13059.90992325] 22427.227461457067
732000 [18229.43000315  -247.82766146 11590.95731355] 21603.791987385383
733000 [18226.54537268  -250.75713321 10122.0871882 ] 20850.095549127862
734000 [17401.34593562  -257.85112543  8649.26274922] 19434.069920603593
735000 [15819.66848863  -268.01967346  7313.79024674] 17430.584425341352
736000 [14389.586324    -271.92581226  6078.38338665] 15623.088133216697
737000 [12996.02683744  -272.01464635  4855.43763211] 13876.09383532411
738000 [11697.03596381  -269.18758152  3654.65612973] 12257.635323313987
739000 [10457.21185404  -271.19705585  2462.79198609] 10746.728431018037
740000 [ 9295.18823443  -273.67400737 20813.33717054] 22796.280967523307
741000 [ 8151.67518847  -271.63811054 19621.97982425] 21249.604416662612
742000 [ 7053.90788897  -267.1866159  18438.83245926] 19743.848349664127
743000 [ 6060.97020759  -261.70480276 17349.62087828] 18379.695152015407
744000 [ 5197.99621963  -259.64594103 16304.01621813] 17114.541348076236
745000 [ 4362.5574318   -258.06624994 15319.90823924] 15931.041836424223
746000 [ 3885.34761956  -259.21491679 14343.9737951 ] 14863.13233246674
747000 [ 3380.45242223  -257.51875383 13376.30484128] 13799.250185946397
748000 [ 2881.7240304   -249.22610797 12420.82201099] 12753.166919200503
749000 [ 2501.15797135  -248.5563743  11465.03505689] 11737.316572560616
750000 [21693.41252816  -244.89839036 10672.54730294] 24177.8284440903
751000 [21344.01180707  -243.36996162  9894.43702061] 23527.13227134402
752000 [21246.20990928  -240.78420187  9099.34439827] 23114.01049189134
753000 [21251.04462772  -242.05444269  8314.76599731] 22821.06092434648
754000 [21249.77315134  -241.87046339  7587.15396181] 22564.93442366947
755000 [21252.05084336  -240.99870291  6889.49809934] 22342.17826184909
756000 [21254.74042979  -242.46909483  6193.02762353] 22139.927126023078
757000 [21255.11955864  -243.54392367  5564.93376425] 21972.890317281825
758000 [21254.66788053  -245.95040823  4939.09515983] 21822.37519869784
759000 [21254.47738168  -245.15359851  4369.03236885] 21700.261585872
760000 [21251.50692226  -241.0733527   4128.13384313] 21650.084338292498
761000 [21250.74240469  -243.127781    4133.8786528 ] 21650.453034160706
762000 [21248.99187651  -241.48217112  4138.41329431] 21649.58276737748
763000 [21248.36935886  -248.97658973  4143.07181456] 21649.947663059964
764000 [21247.86653729  -248.50613632  4144.8843314 ] 21649.795698968162
765000 [21246.40390521  -251.34327584  4148.224275  ] 21649.03270313211
766000 [21247.98419379  -250.56614203  4154.24341111] 21651.728661000812
767000 [21250.08938009  -250.29214563  4155.04900825] 21653.945993304063
768000 [21254.1827302   -248.84512526  4154.97076724] 21657.931330152
769000 [21255.96440394  -248.64999543  4152.9961819 ] 21659.298854044515
770000 [21259.06964749  -246.90719633  4150.02252819] 21661.756448283173
771000 [21257.54085779  -249.01860654  4144.74808948] 21659.27030885982
772000 [21263.40267914  -250.90995916  4142.95756103] 21664.702782527
773000 [21262.55202529  -249.48047228  4138.58674164] 21663.015933892137
774000 [21262.75184784  -251.02150616  4135.32770937] 21662.607488557638
775000 [21265.20721029  -249.89170485  4132.77113944] 21664.516630925096
776000 [21266.42284601  -248.32860317  4131.11698375] 21665.376417086853
777000 [21271.59119899  -246.4405409   4132.18575409] 21670.6318362737
778000 [21266.24843658  -250.30716915  4128.10652776] 21664.6541571685
779000 [21266.13997495  -249.73837462  4123.77052371] 21663.715332832795
780000 [21261.54392562  -248.74374035  4118.84601582] 21658.25514789895
781000 [21260.44026641  -248.64763008  4113.11627561] 21656.081627618267
782000 [21257.85954439  -246.5831231   4112.67218889] 21653.440100336884
783000 [21252.54982309  -248.94209154  4114.79089119] 21648.657007451497
784000 [21251.02324673  -249.78793907  4120.83633428] 21648.318067261116
785000 [21247.5643625   -249.36076703  4120.75889334] 21644.90300250533
786000 [21243.64383674  -251.33079574  4124.56693511] 21641.802675225917
787000 [21242.94231168  -251.38242948  4125.4635887 ] 21641.285567287032
788000 [21240.81702141  -247.4169644   4126.25501197] 21639.304594072513
789000 [21243.38257954  -249.99013076  4127.2944829 ] 21642.05069383641
790000 [21244.89846185  -248.61974966  4124.84536668] 21643.055970291352
791000 [21244.25709046  -247.82234135  4124.39886945] 21642.332158821
792000 [21238.3048744   -245.87299343  4119.72550057] 21635.57685080116
793000 [21238.04770226  -245.22209174  4116.83216239] 21634.766260145756
794000 [21236.22680896  -246.59539515  4114.50981384] 21632.552539604632
795000 [21239.00220728  -245.32320152  4112.39402648] 21634.860361537132
796000 [21240.62280901  -244.89275628  4108.67736056] 21635.74032544197
797000 [21240.73617992  -242.51024238  4107.14874978] 21635.53455626485
798000 [21239.10620043  -242.45235558  4111.42604084] 21634.746114232938
799000 [21241.75869254  -237.4411126   4112.29501075] 21637.459668118012
800000 [21239.67106675  -237.61550451  4111.26256112] 21635.215922151772
801000 [21238.11699588  -240.77233735  4112.26461093] 21633.91562060732
802000 [21240.70729575  -241.53368299  4112.9980616 ] 21636.606434427733
803000 [21241.04884329  -236.15360103  4112.22006061] 21636.734465099635
804000 [21241.25644458  -236.77104863  4113.58552747] 21637.204573733336
805000 [21242.98122854  -236.94200566  4113.4738196 ] 21638.8784333873
806000 [21243.77983915  -238.12744956  4112.70256819] 21639.52885232889
807000 [21243.5792109   -240.76141004  4114.71725245] 21639.74403300168
808000 [21240.63629116  -243.02478258  4117.86474378] 21637.479084828727
809000 [21243.69479327  -242.30589729  4120.51747806] 21640.97837216115
810000 [21242.8933184   -242.52022822  4119.74088767] 21640.046154750944
811000 [21246.91398595  -245.22506854  4120.15169069] 21644.101718827344
812000 [21248.04546363  -245.42380284  4118.95590135] 21644.987100587678
813000 [21246.75284295  -242.02947272  4120.59301697] 21643.991578420566
814000 [21247.36298998  -242.06667726  4127.14718666] 21645.839651184015
815000 [21247.31774151  -239.89834598  4127.41864052] 21645.82285475065
816000 [21247.64458414  -238.08224185  4129.03865656] 21646.432587274423
817000 [21246.47265204  -237.19003302  4126.72698407] 21644.831597096287
818000 [21242.94096761  -235.95185306  4128.59980254] 21641.70858689127
819000 [21241.96031043  -236.88078439  4129.09308808] 21640.85026207955
820000 [21236.80299196  -235.16016792  4125.41115893] 21635.06687889078
821000 [21237.73884047  -233.70414032  4124.04269281] 21635.70883547662
822000 [21235.57889414  -231.99820074  4118.44348792] 21632.503574430128
823000 [21237.33305583  -236.49457022  4115.56302619] 21633.726078245913
824000 [21238.59956339  -235.50180362  4116.36049854] 21635.110267046955
825000 [21241.38460449  -234.26397456  4115.80072028] 21637.724351113295
826000 [21242.94585363  -236.58352715  4114.72903841] 21639.078431513033
827000 [21244.86956188  -235.07556647  4117.1308682 ] 21641.407297338777
828000 [21242.44738473  -235.2680291   4114.05869242] 21638.447284015925
829000 [21243.31438352  -235.23254035  4115.76641958] 21639.62276856302
830000 [21244.60957751  -239.50302533  4117.97036474] 21641.360348301572
831000 [21243.89758144  -239.75519336  4118.90198906] 21640.841494703815
832000 [21244.18998081  -241.7909668   4121.70411289] 21641.684675793054
833000 [21241.95920723  -243.59514209  4121.29696931] 21639.43756811174
834000 [21241.61228724  -244.49373395  4118.06350626] 21638.49155529952
835000 [21248.94631844  -247.2015716   4113.77333704] 21644.906082718393
836000 [21252.31026796  -250.22456064  4108.35298879] 21647.213870074673
837000 [21255.65113233  -251.92891694  4108.70128669] 21650.57965740728
838000 [21254.80569246  -250.9342903   4109.43946667] 21649.878193019755
839000 [21255.43975341  -250.23738872  4105.74178048] 21649.791071264524
840000 [21253.79795359  -248.95414007  4104.69236137] 21647.96537777581
841000 [21255.10262418  -248.68437874  4104.51962191] 21649.210443132815
842000 [21252.226703    -248.6345457   4104.60336103] 21646.402188916054
843000 [21253.05730438  -250.08837877  4104.47475192] 21647.21002738345
844000 [21251.51425681  -247.53627017  4106.23500216] 21645.999591273503
845000 [21253.46998217  -247.11519908  4108.95020605] 21648.43005856129
846000 [21253.79205157  -247.11142051  4108.63796385] 21648.68694732994
847000 [21254.40132396  -246.58095107  4111.71564029] 21649.863355501115
848000 [21255.81771301  -244.90872987  4112.60753487] 21651.404288650796
849000 [21257.52007152  -246.28314081  4115.40878852] 21653.623356679975
850000 [21257.80574855  -246.68905873  4118.1385932 ] 21654.42740428916
851000 [21257.56962447  -247.15262428  4119.77445152] 21654.512053852977
852000 [21257.13848795  -245.35827656  4123.69292659] 21654.81426224537
853000 [21257.00971811  -244.7831716   4126.11377731] 21655.142480715305
854000 [21258.05407752  -242.15300033  4130.08050777] 21656.894196517358
855000 [21259.66095173  -243.1800712   4132.19158283] 21658.885650164237
856000 [21257.3001559   -243.31283173  4129.44139642] 21656.04528298208
857000 [21257.77774978  -241.67583072  4127.30003908] 21656.08754320226
858000 [21257.22808179  -241.3089329   4126.52994922] 21655.397136605265
859000 [21256.97237945  -242.5181397   4128.3686811 ] 21655.510101491673
860000 [21255.90280297  -243.11689935  4127.89529227] 21654.37667862922
861000 [21254.53701436  -244.26968926  4127.81847478] 21653.03435402906
862000 [21253.85631846  -244.44362688  4128.40590699] 21652.480144904235
863000 [21251.49086587  -243.44887651  4129.02086073] 21650.26430892192
864000 [21253.03288522  -244.67624128  4131.26359451] 21652.21956683889
865000 [21251.93356555  -243.89240544  4130.62798274] 21651.01039932249
866000 [21251.52227141  -244.87299538  4130.83482541] 21650.657218451302
867000 [21252.03035019  -248.38759809  4129.30674634] 21650.904475560143
868000 [21250.27340121  -248.40070609  4125.68639584] 21648.489803535806
869000 [21248.54018886  -251.19210549  4121.82741098] 21646.0855315042
870000 [21247.56179862  -250.33024494  4123.69954349] 21645.471709871334
871000 [21244.99870619  -247.28140432  4123.37748536] 21642.859330633582
872000 [21244.18092528  -245.33969983  4125.00739855] 21642.345085328932
873000 [21242.88133181  -243.92890411  4125.47632532] 21641.14284177754
874000 [21241.83762605  -243.83070928  4126.11495308] 21640.23899479977
875000 [21240.31796764  -244.09890494  4126.93891161] 21638.907468308913
876000 [21237.91674894  -243.34544422  4125.97414008] 21636.357998631527
877000 [21239.73428407  -240.69850994  4125.71769985] 21638.063563303658
878000 [21243.00690049  -236.46811547  4125.87369374] 21641.259045643175
879000 [21244.70999166  -234.58956285  4124.25470767] 21642.60177951433
880000 [21242.55725845  -234.9544208   4121.56045648] 21639.979275752543
881000 [21246.65600087  -236.01323114  4121.46093348] 21643.995326431606
882000 [21247.28738269  -237.00720013  4118.20192239] 21644.005650733227
883000 [21250.18727861  -239.07916065  4115.91115315] 21646.439495711737
884000 [21251.94060086  -243.05336026  4111.08167865] 21647.287285173756
885000 [21249.12170508  -244.77634707  4110.67865994] 21644.46275015318
886000 [21243.38417801  -244.15291041  4107.98220496] 21638.310927023715
887000 [21240.39916697  -245.2906095   4106.69130962] 21635.148203050423
888000 [21240.67282081  -245.22160201  4106.9099459 ] 21635.45758283209
889000 [21239.41074248  -247.39390548  4109.05192457] 21634.649989108395
890000 [21239.95784903  -249.79591372  4112.7048773 ] 21635.908782268023
891000 [21238.35262988  -250.01594092  4115.61356676] 21634.888616142467
892000 [21234.30861213  -252.21718331  4122.33884846] 21632.224881510927
893000 [21236.88906086  -252.77396823  4124.56267377] 21635.18821069027
894000 [21238.86019985  -251.40641368  4125.87227783] 21637.35681238618
895000 [21242.64590218  -250.92379183  4125.73837384] 21641.041675578308
896000 [21246.77891179  -252.70011256  4123.33235628] 21644.660801074122
897000 [21249.71340637  -244.37118017  4122.08161688] 21647.207533142668
898000 [21252.46501531  -243.05523743  4122.46735292] 21649.96725520218
899000 [21257.42472465  -244.06363673  4121.40582071] 21654.645204247845
900000 [21257.42712903  -244.81730344  4120.94937858] 21654.569204645984
901000 [21257.82095737  -246.59629805  4123.70347574] 21655.500270038956
902000 [21258.55170816  -251.1026734   4121.46530207] 21655.843311152956
903000 [21255.45850335  -252.41957387  4120.84146412] 21652.703438627188
904000 [21254.47082013  -253.76480632  4123.27155776] 21652.212237085336
905000 [21250.46933065  -254.78653695  4124.00220124] 21648.435442499445
906000 [21249.74265342  -255.52089541  4123.08145788] 21647.55539253085
907000 [21248.21523278  -255.87972198  4123.62778503] 21646.164351219617
908000 [21249.81126246  -256.2159323   4124.15726347] 21647.835883241656
909000 [21250.49835244  -254.76261797  4124.41551001] 21648.542387828074
910000 [21252.35443562  -252.540992    4125.68991627] 21650.581130657476
911000 [21252.12369875  -250.82750663  4126.84550372] 21650.55495724119
912000 [21249.49649474  -251.25309456  4125.9921076 ] 21647.818372050173
913000 [21250.83532078  -251.34143388  4127.21753093] 21649.3671707725
914000 [21251.43767864  -250.68990728  4124.99728203] 21649.527741167294
915000 [21252.4826973   -247.54459058  4123.742735  ] 21650.27836467332
916000 [21251.80448788  -247.4358934   4123.18135774] 21649.504452096804
917000 [21251.41957391  -248.42354586  4123.6102235 ] 21649.21960348009
918000 [21251.45620039  -247.89801602  4123.24645467] 21649.18024751768
919000 [21251.28329399  -247.85033821  4119.8249383 ] 21648.358574119397
920000 [21249.46667085  -246.70235705  4120.01812875] 21646.59892984605
921000 [21247.85983292  -244.19834214  4118.45769803] 21644.6962122424
922000 [21246.19061535  -246.63737916  4119.40371386] 21643.265294736684
923000 [21244.3161069   -246.42000209  4118.91416029] 21641.329523096512
924000 [21242.30209017  -244.72129436  4120.1687967 ] 21639.572027079495
925000 [21244.49077543  -244.57601325  4119.33390236] 21641.559960705305
926000 [21242.21642076  -241.59065236  4120.09988258] 21639.43963119332
927000 [21242.09868076  -243.9943601   4118.83153373] 21639.109566108964
928000 [21239.80037432  -247.34791231  4119.16472429] 21636.95493724536
929000 [21239.07082378  -247.39764935  4116.8885995 ] 21635.806127698754
930000 [21236.94646112  -249.82488136  4114.20804426] 21633.238668662663
931000 [21236.16563316  -252.29617409  4114.15489816] 21632.490718467725
932000 [21234.19390179  -252.3868937   4113.55306838] 21630.441711841162
933000 [21231.5014267   -253.90712057  4114.742792  ] 21628.042673851643
934000 [21233.10035985  -256.08947076  4115.74037522] 21629.827820509545
935000 [21234.20276491  -259.56598994  4116.65397464] 21631.12529461821
936000 [21237.40194288  -261.64892757  4119.74137948] 21634.878563991057
937000 [21238.59574103  -260.07859175  4117.52405109] 21635.609402927344
938000 [21242.00574424  -261.53867309  4118.26112875] 21639.11470556021
939000 [21239.22839056  -259.19527848  4118.99567776] 21636.49995290264
940000 [21239.29090006  -258.76803445  4117.76804434] 21636.322527180186
941000 [21239.70195683  -256.73881266  4116.96585656] 21636.549214168354
942000 [21240.28928214  -257.8907606   4119.45154738] 21637.6125643414
943000 [21242.44052105  -257.02635282  4120.14372087] 21639.845796975085
944000 [21240.80616929  -256.42516475  4122.49031486] 21638.681267183267
945000 [21243.26115169  -258.91757526  4123.58973328] 21641.330249271636
946000 [21244.66568334  -257.13889681  4123.9537359 ] 21642.757098510243
947000 [21249.05324071  -259.36123895  4124.18453911] 21647.13445219207
948000 [21250.31383003  -258.83730364  4122.86032227] 21648.113355702593
949000 [21251.96890454  -257.65773317  4123.50788475] 21649.847276656626
950000 [21249.83208205  -257.98844887  4125.42598675] 21648.119112919714
951000 [21251.1755387   -258.10276574  4127.94677204] 21649.91970809512
952000 [21252.56073078  -260.78753715  4127.6836769 ] 21651.26140185384
953000 [21256.23418176  -258.22301022  4127.54790383] 21654.810606686697
954000 [21256.0787406   -258.69176553  4123.80023487] 21653.949598934796
955000 [21253.88832219  -257.81097211  4123.69336244] 21651.76857110897
956000 [21250.95418006  -256.4545361   4119.22155187] 21648.020895350877
957000 [21247.00612875  -253.46025559  4118.49843117] 21643.9723910326
958000 [21245.22631535  -255.13622251  4116.85006928] 21641.93129495374
959000 [21247.34484568  -252.15830523  4115.35573769] 21643.691913580962
960000 [21247.38054685  -250.72689831  4114.24066038] 21643.498337648616
961000 [21248.83409516  -249.46790167  4116.75704699] 21645.389190805643
962000 [21248.10405576  -247.73023963  4117.61033917] 21644.814878890993
963000 [21247.49520057  -247.23129934  4117.03097401] 21644.101266959115
964000 [21245.68277536  -246.81291782  4118.39174554] 21642.57618162072
965000 [21245.13537154  -243.86258592  4115.10084144] 21641.37936572328
966000 [21242.06250994  -242.55629642  4116.89866552] 21638.690067911386
967000 [21239.21165306  -241.87841864  4117.26478459] 21635.953552343595
968000 [21236.53902859  -243.77388297  4118.23718422] 21633.536306497263
969000 [21236.24108672  -246.59081665  4120.07677538] 21633.62602892346
970000 [21235.59921006  -248.51428541  4120.57284173] 21633.11243682164
971000 [21236.7336426   -249.1702083   4124.84400456] 21635.047484610157
972000 [21235.37293819  -246.89301087  4125.75840435] 21633.860090006296
973000 [21239.30475831  -248.59380875  4125.17870561] 21637.628447943167
974000 [21238.91473523  -250.83142742  4126.84181077] 21637.588564033107
975000 [21241.05693997  -252.55899549  4125.92503022] 21639.536578411327
976000 [21242.30762713  -253.11095438  4124.31008272] 21640.462844853686
977000 [21243.30410319  -252.66796271  4126.2146568 ] 21641.798855775
978000 [21246.27872109  -253.90014409  4126.77392317] 21644.839749702853
979000 [21247.96126351  -252.17468429  4126.22801001] 21646.36707435449
980000 [21249.56869191  -253.32091095  4127.75103176] 21648.248651013804
981000 [21249.64833859  -251.71673253  4127.2949712 ] 21648.22116494897
982000 [21251.03529734  -252.26284051  4127.53134244] 21649.63400920407
983000 [21252.00397576  -254.07026778  4125.65294166] 21650.247963514124
984000 [21250.83517553  -251.22317484  4124.3876179 ] 21648.826341482792
985000 [21252.16428625  -251.37638432  4125.53719848] 21650.351824216377
986000 [21253.54223519  -250.42881531  4126.44595466] 21651.866625099756
987000 [21253.80566305  -248.02389209  4124.91010092] 21651.804875213584
988000 [21254.57849337  -248.21046547  4122.85162098] 21652.173582684645
989000 [21251.41304481  -247.09807233  4122.58021848] 21649.001859584958
990000 [21251.54022499  -248.37821211  4121.95084894] 21649.021513030613
991000 [21252.81272179  -246.38264066  4118.24686607] 21649.542956908
992000 [21251.27945841  -244.40667379  4118.58988622] 21648.0806514653
993000 [21250.47104245  -242.89569449  4115.16093487] 21646.61791976187
994000 [21251.12199914  -243.52285349  4113.17805625] 21646.88715092799
995000 [21251.53598624  -243.13651348  4113.03899257] 21647.262803714068
996000 [21253.44232196  -241.1359602   4112.58656477] 21649.025967393874
997000 [21253.55791124  -241.02905696  4110.29330347] 21648.70273095918
998000 [21251.61172754  -242.72460315  4111.0435963 ] 21646.953497006274
999000 [21252.72872166  -243.47230232  4110.55036424] 21647.96482756588
1000000 [21251.00005415  -242.90692376  4109.40957267] 21646.04476829245
